<?xml version="1.0"?>
<opencv_storage>
<calibration_time>"2019年12月24日 星期二 15时44分59秒"</calibration_time>
<nr_of_frames>25</nr_of_frames>
<image_width>640</image_width>
<image_height>480</image_height>
<board_width>9</board_width>
<board_height>6</board_height>
<square_size>50.</square_size>
<fix_aspect_ratio>1.</fix_aspect_ratio>
<!-- flags: +fix_aspectRatio +fix_principal_point +zero_tangent_dist +fix_k4 +fix_k5 -->
<flags>6158</flags>
<fisheye_model>0</fisheye_model>
<camera_matrix type_id="opencv-matrix">
  <rows>3</rows>
  <cols>3</cols>
  <dt>d</dt>
  <data>
    5.5306079619041839e+02 0. 320. 0. 5.5306079619041839e+02 240. 0. 0.
    1.</data></camera_matrix>
<distortion_coefficients type_id="opencv-matrix">
  <rows>5</rows>
  <cols>1</cols>
  <dt>d</dt>
  <data>
    -2.3060292014331135e-01 4.0585877118993585e-01 0. 0.
    -4.7514696592505690e-01</data></distortion_coefficients>
<avg_reprojection_error>8.6880347065108288e-01</avg_reprojection_error>
<per_view_reprojection_errors type_id="opencv-matrix">
  <rows>25</rows>
  <cols>1</cols>
  <dt>f</dt>
  <data>
    8.16876411e-01 8.83770585e-01 8.59632909e-01 9.81971979e-01
    1.14172864e+00 9.51135755e-01 8.59850883e-01 7.76733696e-01
    7.68648803e-01 7.68497467e-01 6.32222354e-01 6.81051910e-01
    6.45114481e-01 6.96678400e-01 6.76800370e-01 7.35207558e-01
    6.98651552e-01 8.33583295e-01 8.10893714e-01 1.03851795e+00
    8.45661521e-01 8.29123795e-01 1.22331119e+00 1.10045350e+00
    1.09263885e+00</data></per_view_reprojection_errors>
<!-- a set of 6-tuples (rotation vector + translation vector) for each view -->
<extrinsic_parameters type_id="opencv-matrix">
  <rows>25</rows>
  <cols>6</cols>
  <dt>d</dt>
  <data>
    -2.0472087192844582e-01 3.4272364667970540e-02
    -3.7413547255179619e-02 -2.3320306631498389e+02
    -2.1166977026383708e+02 8.3769802226002889e+02
    -1.8311232531720992e-01 1.9906660222631666e-02
    -3.4586877587479942e-02 -2.3413613079438542e+02
    -2.1756726541873496e+02 8.3227586692377565e+02
    -2.1708593114459973e-01 2.3009691922982280e-02
    -3.9063014715659240e-02 -2.2960468279051949e+02
    -2.1155403621223186e+02 8.3927214702589583e+02
    -1.8564070952783310e-01 -1.1346400564598491e-03
    -2.5672184036649184e-02 -2.0589925090894522e+02
    -2.0874094635511580e+02 8.3719488633366780e+02
    -2.0238215406400129e-01 2.2721726624528177e-02
    2.3306640577071564e-02 -1.3275077900302608e+02
    -2.1859144690964737e+02 8.6056697268074367e+02
    -2.0591052579113359e-01 5.1506101039909505e-02
    4.3466313237376847e-02 -9.0225810213611382e+01
    -2.1638589087629640e+02 8.9169454924590787e+02
    -2.9669002183951820e-01 6.4421854286741478e-02
    7.3311254794176564e-02 -5.3116140440119580e+01
    -1.8277170079727409e+02 9.2515788721772765e+02
    -3.6206032921504905e-01 7.8933677992383017e-02
    1.0622443263073393e-01 -9.6612991377799116e+00
    -1.4157247652503904e+02 9.6631842357628727e+02
    -3.5688767981729463e-01 8.4601447304570657e-02
    1.4396381039071277e-01 4.3439376813243143e+01
    -1.0337787313620599e+02 9.6967155113531908e+02
    -3.3605985749243306e-01 7.7417914998671317e-02
    1.5945961824014770e-01 7.4949866476235670e+01
    -7.0429503541608753e+01 9.5509880478781042e+02
    -3.3055287507878955e-01 1.1089578054767296e-01
    1.7968703885730583e-01 7.8685097138609081e+01
    -3.8367521404724975e+01 9.7426541824445746e+02
    -3.2832675844822662e-01 1.0707959363687453e-01
    1.3966797600247524e-01 -2.3735328439434539e+01
    -3.4682453729265589e+01 9.9705025146864614e+02
    -2.8697890090741568e-01 8.7070493545980829e-02
    1.1131977804920105e-01 -1.0753515336950768e+02
    -3.0734598888725703e+01 9.8866163929185336e+02
    -2.5387441800158145e-01 6.7708174970637261e-02
    8.2699723668703651e-02 -2.0313316873709590e+02
    -2.7292658995277169e+01 9.7303319507273466e+02
    -2.3914641293951747e-01 5.9388730876660641e-02
    7.1148414358315454e-02 -2.5229094596703985e+02
    -2.1394846338512838e+01 9.6540540068808309e+02
    -1.6526389480333406e-01 4.2331804636459330e-02
    5.1563023572885308e-02 -3.6810468234096305e+02
    -1.0652201075021859e+01 9.4102163633054658e+02
    -1.3238071092261480e-01 4.4642424846519715e-02
    3.0676774510104098e-02 -4.4024920007025048e+02
    -3.7789602009784184e+00 9.3417333728083713e+02
    -1.3284421007300867e-01 5.4752946250932036e-02
    1.9653935502405746e-03 -5.3496743024724458e+02
    5.4182840270452193e+00 9.3714881585315504e+02
    -2.5355457962274536e-01 9.1139699019246720e-02
    -6.2613189163647637e-02 -5.6433075224409913e+02
    -1.0785114530796208e+02 1.0830014384238709e+03
    -4.6955142900143398e-01 9.1390198170011483e-02
    3.6433477426839757e-02 -2.3796379765745024e+02
    -1.2719184665535531e+02 1.1089118259321779e+03
    -4.2625328630403697e-01 3.1170502845562657e-02
    1.1123848086626632e-01 -1.2839967434775249e+02
    -1.4271026730864412e+02 1.0523616328364531e+03
    -2.4849249744289348e-01 -1.9238572348603902e-02
    3.5459160572415077e-01 1.2169680531225467e+02
    -2.3775675915392421e+02 9.5607528385421665e+02
    -2.1241427903983587e-01 -6.0098803797655302e-02
    3.1495576633401834e-01 6.5770561527474712e+01
    -2.2927170510058255e+02 8.0669138807217257e+02
    -3.0884886005712686e-01 -2.8448173158008069e-02
    1.5914534870994812e-01 -1.3256269302682222e+02
    -1.9708729978991428e+02 8.9233744478435221e+02
    -3.4778482372270908e-01 3.1680266924825925e-03
    5.6757431048658789e-02 -3.2676376740734446e+02
    -1.6728657947055464e+02 9.1983746267693243e+02</data></extrinsic_parameters>
